Zip,Total_Population,Male_Population,Female_Population
06390,53,37,16
10001,29079,14069,15010
10002,75517,38110,37407
10003,53825,26407,27418
10004,3875,2118,1757
10005,9238,4637,4601
10006,4475,1974,2501
10007,7802,3698,4104
10009,58341,29225,29116
10010,31905,14867,17038
10011,49344,24816,24528
10012,21846,10437,11409
10013,28215,13379,14836
10014,29772,14615,15157
10016,54297,26499,27798
10017,14985,6914,8071
10018,8764,4366,4398
10019,44276,24172,20104
10020,0,0,0
10021,39479,17241,22238
10022,34340,15862,18478
10023,67468,30977,36491
10024,62576,29396,33180
10025,93223,43590,49633
10026,37113,17603,19510
10027,65068,31553,33515
10028,45679,20442,25237
10029,74848,32614,42234
10030,30781,14515,16266
10031,60305,29794,30511
10032,55579,26596,28983
10033,53611,26985,26626
10034,39037,18540,20497
10035,39082,19785,19297
10036,30589,17339,13250
10037,18333,7782,10551
10038,23342,10304,13038
10039,30512,14329,16183
10040,41581,19832,21749
10044,11998,5561,6437
10065,31047,13696,17351
10069,6669,3727,2942
10075,23865,9997,13868
10103,0,0,0
10110,0,0,0
10111,0,0,0
10112,0,0,0
10115,0,0,0
10119,0,0,0
10128,59000,26196,32804
10152,0,0,0
10153,0,0,0
10154,0,0,0
10162,1769,884,885
10165,0,0,0
10167,0,0,0
10168,0,0,0
10169,0,0,0
10170,0,0,0
10171,0,0,0
10172,0,0,0
10173,0,0,0
10174,0,0,0
10177,0,0,0
10199,0,0,0
10271,0,0,0
10278,0,0,0
10279,181,65,116
10280,8668,4186,4482
10282,5960,3257,2703
10301,39799,19331,20468
10302,19693,10444,9249
10303,25993,12137,13856
10304,45843,22019,23824
10305,41714,20586,21128
10306,57249,28292,28957
10307,14821,7770,7051
10308,29996,14354,15642
10309,34918,17200,17718
10310,25824,12438,13386
10311,0,0,0
10312,63345,30956,32389
10314,93539,45695,47844
10451,48975,22034,26941
10452,76745,36593,40152
10453,78270,35367,42903
10454,40368,18645,21723
10455,42940,20148,22792
10456,86958,40179,46779
10457,79375,36705,42670
10458,78741,37447,41294
10459,49753,23625,26128
10460,61101,29444,31657
10461,50900,24129,26771
10462,75452,36926,38526
10463,69373,31426,37947
10464,4273,2083,2190
10465,46457,23200,23257
10466,74061,33480,40581
10467,96304,45818,50486
10468,79825,39027,40798
10469,69855,32529,37326
10470,15558,7499,8059
10471,23400,11056,12344
10472,63820,31689,32131
10473,59778,27527,32251
10474,11188,5582,5606
10475,42771,19601,23170
10501,1426,618,808
10502,5875,2971,2904
10503,127,61,66
10504,7853,4142,3711
10505,1295,609,686
10506,6246,3108,3138
10507,6044,2643,3401
10509,20055,10322,9733
10510,10027,5199,4828
10511,2296,1121,1175
10512,24238,11836,12402
10514,12227,6134,6093
10516,5607,2799,2808
10517,551,228,323
10518,789,401,388
10519,188,128,60
10520,12208,6024,6184
10522,11464,5928,5536
10523,9773,4521,5252
10524,4298,2102,2196
10526,2040,893,1147
10527,587,308,279
10528,13822,6463,7359
10530,13955,6621,7334
10532,5253,2674,2579
10533,7337,3691,3646
10535,323,142,181
10536,11010,5296,5714
10537,2418,1263,1155
10538,17709,8657,9052
10540,114,112,2
10541,26137,13227,12910
10542,0,0,0
10543,21022,10699,10323
10545,182,182,0
10546,1229,490,739
10547,7361,3385,3976
10548,4302,1995,2307
10549,15858,8302,7556
10550,40072,18082,21990
10552,21499,9198,12301
10553,10815,4930,5885
10560,4914,2564,2350
10562,33700,16636,17064
10566,25484,12630,12854
10567,20260,10059,10201
10570,13391,6563,6828
10573,40982,21615,19367
10576,4904,2432,2472
10577,5901,2534,3367
10578,1851,1209,642
10579,8825,4678,4147
10580,18073,9215,8858
10583,40612,20146,20466
10588,3081,1364,1717
10589,7266,3044,4222
10590,7314,3774,3540
10591,23663,11786,11877
10594,5512,2761,2751
10595,7180,3659,3521
10596,657,318,339
10597,652,356,296
10598,28894,14278,14616
10601,10860,4872,5988
10603,19201,9571,9630
10604,12192,5638,6554
10605,19371,9463,9908
10606,17556,8591,8965
10607,6222,2782,3440
10701,70054,34110,35944
10703,22135,9824,12311
10704,31844,14986,16858
10705,40390,20028,20362
10706,9119,4479,4640
10707,9755,4652,5103
10708,21946,10487,11459
10709,10274,5076,5198
10710,25684,12458,13226
10801,41984,20943,21041
10803,13096,6431,6665
10804,15228,7751,7477
10805,21230,10092,11138
10901,26224,11782,14442
10910,0,0,0
10911,18,0,18
10913,5333,2633,2700
10914,691,406,285
10915,0,0,0
10916,4531,2393,2138
10917,1575,970,605
10918,11937,5597,6340
10919,1383,852,531
10920,8493,3948,4545
10921,4358,2276,2082
10922,1072,646,426
10923,9188,4603,4585
10924,13612,6794,6818
10925,4440,2198,2242
10926,3741,1583,2158
10927,12273,6438,5835
10928,5273,2928,2345
10930,10342,5155,5187
10931,1170,522,648
10932,14,7,7
10933,312,93,219
10940,53099,26908,26191
10941,14761,7501,7260
10950,65391,32158,33233
10952,47169,23518,23651
10953,0,0,0
10954,27474,12583,14891
10956,31420,15879,15541
10958,2717,1574,1143
10960,15277,7401,7876
10962,4921,2273,2648
10963,3940,2667,1273
10964,1395,608,787
10965,15526,8158,7368
10968,2406,1319,1087
10969,1333,720,613
10970,11636,5461,6175
10973,2300,1159,1141
10974,3324,1716,1608
10975,254,156,98
10976,2215,922,1293
10977,71465,36931,34534
10979,84,41,43
10980,13793,7112,6681
10983,5489,2648,2841
10984,2760,1456,1304
10985,18,12,6
10986,1402,625,777
10987,4041,2042,1999
10988,684,282,402
10989,8410,4028,4382
10990,20370,9881,10489
10992,10412,5128,5284
10993,4230,2110,2120
10994,5925,2950,2975
10996,6549,3823,2726
10998,3676,1888,1788
11001,25714,12892,12822
11003,44716,22188,22528
11004,14296,6964,7332
11005,2195,802,1393
11010,25618,12564,13054
11020,5986,3033,2953
11021,19474,8826,10648
11023,9824,4975,4849
11024,8821,4618,4203
11030,17703,8752,8951
11040,42344,20758,21586
11042,232,32,200
11050,32657,15989,16668
11096,9897,5224,4673
11101,39007,19876,19131
11102,28349,14117,14232
11103,35357,17647,17710
11104,26825,13050,13775
11105,38507,19223,19284
11106,40657,20053,20604
11109,7388,4020,3368
11201,69251,32265,36986
11203,76853,35157,41696
11204,81368,39681,41687
11205,50205,23282,26923
11206,89231,41993,47238
11207,93445,41735,51710
11208,106901,51834,55067
11209,70756,34163,36593
11210,60398,30034,30364
11211,65691,33199,32492
11212,87946,37390,50556
11213,69630,32557,37073
11214,88994,43694,45300
11215,70922,35423,35499
11216,59913,26620,33293
11217,42569,19711,22858
11218,71313,36111,35202
11219,94737,49087,45650
11220,90792,45005,45787
11221,90750,42373,48377
11222,41418,20130,21288
11223,78566,37766,40800
11224,48469,22090,26379
11225,56544,26777,29767
11226,100022,46690,53332
11228,42325,20952,21373
11229,79802,38753,41049
11230,88252,43740,44512
11231,39704,18618,21086
11232,26681,14669,12012
11233,82711,38328,44383
11234,87778,40562,47216
11235,81958,38930,43028
11236,95174,43576,51598
11237,45233,23215,22018
11238,58462,26369,32093
11239,16047,6306,9741
11249,45353,21541,23812
11354,52325,25117,27208
11355,79802,38352,41450
11356,26956,13515,13441
11357,42341,19600,22741
11358,36496,17982,18514
11359,0,0,0
11360,19510,9234,10276
11361,30402,13974,16428
11362,18156,8739,9417
11363,7515,3558,3957
11364,36417,17552,18865
11365,43258,20808,22450
11366,12967,6641,6326
11367,42210,19422,22788
11368,107060,55585,51475
11369,33354,17468,15886
11370,28762,15761,13001
11371,0,0,0
11372,66995,34753,32242
11373,99433,49931,49502
11374,46128,22252,23876
11375,75320,36029,39291
11377,83545,41387,42158
11378,37828,18805,19023
11379,37378,18204,19174
11385,103865,51143,52722
11411,20501,9069,11432
11412,41350,18483,22867
11413,45072,19957,25115
11414,31090,15267,15823
11415,21379,10905,10474
11416,26660,13555,13105
11417,30091,14437,15654
11418,36304,18239,18065
11419,46938,24125,22813
11420,50060,25941,24119
11421,41937,21161,20776
11422,33085,15482,17603
11423,29105,14096,15009
11424,0,0,0
11426,19638,10007,9631
11427,25124,12192,12932
11428,18898,9517,9381
11429,27933,13053,14880
11430,448,224,224
11432,63730,31636,32094
11433,37777,17707,20070
11434,67611,30380,37231
11435,58424,29514,28910
11436,21364,10123,11241
11439,2171,965,1206
11451,0,0,0
11501,21590,11482,10108
11507,6581,3155,3426
11509,1747,787,960
11510,34814,17129,17685
11514,4421,2104,2317
11516,8733,4229,4504
11518,10390,4389,6001
11520,44873,22475,22398
11530,28041,13656,14385
11542,29020,13884,15136
11545,11963,5780,6183
11547,788,397,391
11548,2171,1067,1104
11549,2420,984,1436
11550,60658,29382,31276
11552,26053,12692,13361
11553,28344,13894,14450
11554,35806,16314,19492
11556,0,0,0
11557,8503,4241,4262
11558,8532,4246,4286
11559,9130,4579,4551
11560,6951,3570,3381
11561,38847,19907,18940
11563,22558,10615,11943
11565,8908,4425,4483
11566,35172,17763,17409
11568,4198,1967,2231
11569,996,494,502
11570,28162,13863,14299
11572,30627,16150,14477
11575,19430,9209,10221
11576,12796,6213,6583
11577,12771,6136,6635
11579,5037,2252,2785
11580,42644,20524,22120
11581,22652,10726,11926
11590,48243,24223,24020
11596,10378,5242,5136
11598,14316,6900,7416
11691,68704,32729,35975
11692,23247,11041,12206
11693,13066,5493,7573
11694,21430,10315,11115
11697,4123,1933,2190
11701,28174,13353,14821
11702,14002,6749,7253
11703,17205,8926,8279
11704,40285,19599,20686
11705,8256,4185,4071
11706,68648,34463,34185
11709,6744,3157,3587
11710,34459,17436,17023
11713,9236,4659,4577
11714,22475,10857,11618
11715,3796,1817,1979
11716,9750,5213,4537
11718,3185,1520,1665
11719,3300,1543,1757
11720,28669,14249,14420
11721,6620,3331,3289
11722,38443,19332,19111
11724,2956,1564,1392
11725,29050,14455,14595
11726,21940,10998,10942
11727,29393,14251,15142
11729,26647,12757,13890
11730,14376,6984,7392
11731,29891,14767,15124
11732,3546,1444,2102
11733,17403,8976,8427
11735,32778,16118,16660
11738,20246,11089,9157
11739,1191,537,654
11740,10699,5159,5540
11741,26356,12683,13673
11742,13194,6509,6685
11743,42423,21131,21292
11746,66883,34301,32582
11747,19826,9003,10823
11749,3581,1757,1824
11751,13152,6456,6696
11752,8990,4531,4459
11753,12729,5944,6785
11754,17660,8571,9089
11755,11953,6157,5796
11756,42553,20906,21647
11757,44571,22637,21934
11758,54741,26726,28015
11762,22447,11134,11313
11763,30235,14763,15472
11764,12530,6028,6502
11765,808,422,386
11766,11481,5590,5891
11767,14495,7623,6872
11768,21908,10685,11223
11769,9031,4386,4645
11770,124,82,42
11771,10173,4988,5185
11772,45006,21340,23666
11776,23629,10695,12934
11777,9347,4475,4872
11778,12919,6271,6648
11779,38273,19306,18967
11780,15586,7354,8232
11782,14537,7154,7383
11783,21588,11061,10527
11784,25986,13025,12961
11786,6348,3283,3065
11787,34656,17158,17498
11788,17092,8395,8697
11789,7447,3439,4008
11790,19934,10216,9718
11791,25194,12557,12637
11792,8562,4202,4360
11793,31497,15940,15557
11794,1519,817,702
11795,25063,13095,11968
11796,3715,1772,1943
11797,9338,4424,4914
11801,41792,21302,20490
11803,30219,14759,15460
11804,4613,2292,2321
11901,32921,17269,15652
11930,689,309,380
11931,24,13,11
11932,696,395,301
11933,6784,3598,3186
11934,8222,3836,4386
11935,2946,1489,1457
11937,21806,10244,11562
11939,1741,758,983
11940,5508,2845,2663
11941,2472,1209,1263
11942,5871,2699,3172
11944,4744,2299,2445
11946,17303,9190,8113
11947,248,114,134
11948,775,394,381
11949,13159,6821,6338
11950,16944,8619,8325
11951,15830,6947,8883
11952,4749,2283,2466
11953,13383,6412,6971
11954,4073,2195,1878
11955,2626,1248,1378
11956,293,143,150
11957,1152,524,628
11958,864,513,351
11959,576,228,348
11960,1037,474,563
11961,12436,5723,6713
11962,546,244,302
11963,8114,3999,4115
11964,2858,1363,1495
11965,421,165,256
11967,27266,13997,13269
11968,14263,7005,7258
11970,468,266,202
11971,6507,3265,3242
11972,309,11,298
11973,42,35,7
11975,423,244,179
11976,2447,1118,1329
11977,2782,1175,1607
11978,4376,2246,2130
11980,5138,2558,2580
12007,314,204,110
12008,610,360,250
12009,8068,3978,4090
12010,27339,13770,13569
12015,4084,2023,2061
12017,439,199,240
12018,7069,3719,3350
12019,15683,7884,7799
12020,34140,17002,17138
12022,1069,505,564
12023,2364,1189,1175
12024,80,44,36
12025,5278,2643,2635
12027,4706,2059,2647
12028,1132,648,484
12029,1017,527,490
12031,224,127,97
12032,710,295,415
12033,7772,3798,3974
12035,455,227,228
12036,335,153,182
12037,4045,1893,2152
12040,29,25,4
12041,353,171,182
12042,286,136,150
12043,7883,3837,4046
12045,237,122,115
12046,612,299,313
12047,23406,10635,12771
12051,5706,3808,1898
12052,1931,885,1046
12053,4325,2325,2000
12054,16988,8211,8777
12056,1818,919,899
12057,1966,1120,846
12058,1451,872,579
12059,1531,804,727
12060,1768,902,866
12061,9778,5174,4604
12062,1723,950,773
12063,745,271,474
12064,314,160,154
12065,44726,21924,22802
12066,1830,891,939
12067,1250,461,789
12068,2717,1173,1544
12069,387,176,211
12070,2404,1326,1078
12071,221,116,105
12072,3019,1482,1537
12074,2833,1570,1263
12075,3147,1511,1636
12076,1316,673,643
12077,6733,3189,3544
12078,23087,11273,11814
12082,3,3,0
12083,3648,1777,1871
12084,5054,2713,2341
12085,309,177,132
12086,1644,679,965
12087,1678,830,848
12090,5874,2691,3183
12092,1423,784,639
12093,1258,688,570
12094,2560,1249,1311
12095,12013,6136,5877
12106,1963,1005,958
12108,396,203,193
12110,19969,10036,9933
12115,62,42,20
12116,1533,575,958
12117,2841,1425,1416
12118,17056,8657,8399
12120,596,279,317
12121,2325,1212,1113
12122,3555,1792,1763
12123,4853,2429,2424
12124,182,105,77
12125,1147,556,591
12130,305,114,191
12131,209,97,112
12132,129,74,55
12134,4093,2116,1977
12136,881,498,383
12137,2347,1057,1290
12138,2826,1461,1365
12139,243,110,133
12140,1526,697,829
12143,5462,2602,2860
12144,21631,10630,11001
12147,508,211,297
12148,4121,2049,2072
12149,2176,1028,1148
12150,665,299,366
12151,986,468,518
12153,751,396,355
12154,2875,1441,1434
12155,1812,876,936
12156,939,485,454
12157,4444,2334,2110
12158,6221,3261,2960
12159,8794,4080,4714
12160,735,376,359
12161,41,9,32
12164,520,252,268
12165,202,128,74
12166,1459,780,679
12167,2257,1091,1166
12168,1691,830,861
12169,407,206,201
12170,5225,2519,2706
12172,184,105,79
12173,2040,1052,988
12174,571,292,279
12175,725,377,348
12176,431,111,320
12177,361,122,239
12180,54071,27539,26532
12182,14273,6540,7733
12183,2966,1424,1542
12184,7547,3649,3898
12185,1699,969,730
12186,6608,3376,3232
12187,739,349,390
12188,11414,5699,5715
12189,18205,8414,9791
12190,683,331,352
12192,1033,644,389
12193,1829,995,834
12194,213,96,117
12195,155,67,88
12196,3848,1765,2083
12197,2275,1148,1127
12198,7337,3480,3857
12202,9500,4819,4681
12203,30080,14395,15685
12204,8423,4025,4398
12205,25912,12644,13268
12206,14592,7514,7078
12207,2097,1219,878
12208,23936,10938,12998
12209,10754,5247,5507
12210,9725,5080,4645
12211,13800,6594,7206
12222,6494,2675,3819
12226,0,0,0
12302,27470,13193,14277
12303,29989,14536,15453
12304,22027,10563,11464
12305,7764,4117,3647
12306,27569,13725,13844
12307,7977,4006,3971
12308,13985,7078,6907
12309,32996,16594,16402
12401,35058,17241,17817
12404,4046,1784,2262
12405,449,230,219
12406,609,374,235
12407,197,109,88
12409,877,431,446
12410,379,226,153
12411,288,133,155
12412,603,367,236
12413,3406,1544,1862
12414,10034,5121,4913
12416,129,100,29
12417,984,441,543
12418,321,181,140
12419,1115,549,566
12420,435,219,216
12421,238,140,98
12422,469,181,288
12423,1033,586,447
12424,242,175,67
12427,926,349,577
12428,6972,3389,3583
12429,168,149,19
12430,1232,442,790
12431,1705,891,814
12432,654,281,373
12433,525,245,280
12434,892,433,459
12435,181,105,76
12436,516,253,263
12438,71,26,45
12439,380,213,167
12440,1577,781,796
12441,58,39,19
12442,425,200,225
12443,3601,1631,1970
12444,519,333,186
12446,5232,2525,2707
12448,163,111,52
12449,2916,1448,1468
12450,200,100,100
12451,849,416,433
12452,33,19,14
12453,212,91,121
12454,368,203,165
12455,1859,971,888
12456,666,403,263
12457,1171,576,595
12458,3195,2271,924
12459,73,35,38
12460,161,87,74
12461,1426,755,671
12463,1531,600,931
12464,1071,598,473
12465,329,220,109
12466,1947,1096,851
12468,1413,748,665
12469,842,471,371
12470,651,271,380
12471,274,23,251
12472,1118,580,538
12473,693,347,346
12474,891,389,502
12475,569,426,143
12477,18789,9192,9597
12480,499,285,214
12481,1359,692,667
12482,601,302,299
12483,59,21,38
12484,3271,1449,1822
12485,1136,507,629
12486,1737,826,911
12487,3829,1993,1836
12489,114,22,92
12490,0,0,0
12491,2017,983,1034
12492,213,124,89
12493,343,278,65
12494,876,500,376
12495,229,146,83
12496,1241,585,656
12498,4530,2205,2325
12501,2374,1204,1170
12502,1019,562,457
12503,750,355,395
12504,1057,417,640
12507,279,134,145
12508,19519,9997,9522
12512,232,113,119
12513,198,119,79
12514,3120,1575,1545
12515,1483,762,721
12516,1748,902,846
12517,270,117,153
12518,5728,2742,2986
12520,3088,1482,1606
12521,1874,872,1002
12522,5074,2380,2694
12523,2132,1102,1030
12524,15079,7492,7587
12525,1710,806,904
12526,3427,1721,1706
12527,42,23,19
12528,13818,6747,7071
12529,2345,1232,1113
12530,218,49,169
12531,2316,1276,1040
12533,26770,13622,13148
12534,17468,9012,8456
12538,14104,6996,7108
12540,9314,4501,4813
12542,5859,3039,2820
12543,3147,1451,1696
12544,54,32,22
12545,4389,2063,2326
12546,2710,1310,1400
12547,2808,1476,1332
12548,1039,501,538
12549,10896,5205,5691
12550,54996,26620,28376
12553,27300,13225,14075
12561,18531,8597,9934
12563,7456,3828,3628
12564,7910,3968,3942
12565,1575,930,645
12566,11718,5345,6373
12567,2498,1323,1175
12569,9766,4785,4981
12570,6324,3224,3100
12571,10168,5042,5126
12572,9168,4357,4811
12574,422,216,206
12575,1743,999,744
12577,1613,710,903
12578,2306,1257,1049
12580,4169,2234,1935
12581,1928,923,1005
12582,6157,3704,2453
12583,1927,824,1103
12585,1252,613,639
12586,12874,6353,6521
12589,19639,10598,9041
12590,35823,18141,17682
12592,1280,766,514
12594,3645,1609,2036
12601,44696,22119,22577
12603,41513,20081,21432
12604,2118,822,1296
12701,12191,6175,6016
12719,892,489,403
12720,434,266,168
12721,7590,4069,3521
12722,0,0,0
12723,1854,786,1068
12724,77,40,37
12725,318,179,139
12726,1169,667,502
12729,1307,668,639
12732,810,391,419
12733,1891,1447,444
12734,563,152,411
12736,149,68,81
12737,1817,1062,755
12738,444,226,218
12740,1683,898,785
12741,309,135,174
12742,132,92,40
12743,319,178,141
12745,6,0,6
12746,598,356,242
12747,2036,842,1194
12748,1616,868,748
12749,507,241,266
12750,33,18,15
12751,1340,645,695
12752,301,148,153
12754,8525,4339,4186
12758,4061,2132,1929
12759,1835,717,1118
12760,337,196,141
12762,453,308,145
12763,615,385,230
12764,1827,931,896
12765,653,394,259
12766,524,245,279
12767,180,102,78
12768,805,466,339
12769,382,200,182
12770,241,109,132
12771,14345,6983,7362
12775,2661,1437,1224
12776,2046,1066,980
12777,791,398,393
12778,456,212,244
12779,2207,1106,1101
12780,2245,1317,928
12781,138,72,66
12783,1357,576,781
12784,0,0,0
12785,968,384,584
12786,553,246,307
12787,131,54,77
12788,3122,2071,1051
12789,2654,1114,1540
12790,4341,2421,1920
12791,589,294,295
12792,171,123,48
12801,14689,7459,7230
12803,8915,4493,4422
12804,28175,13687,14488
12808,283,125,158
12809,3639,1767,1872
12810,488,236,252
12811,177,107,70
12812,265,158,107
12814,1145,673,472
12815,999,539,460
12816,4692,2211,2481
12817,2023,1015,1008
12819,292,148,144
12820,14,7,7
12821,2228,2048,180
12822,6149,3259,2890
12823,682,284,398
12824,1022,512,510
12827,3935,2103,1832
12828,9775,4862,4913
12831,17834,8612,9222
12832,6395,3195,3200
12833,5368,2680,2688
12834,6137,3022,3115
12835,2700,1377,1323
12836,473,249,224
12837,943,481,462
12838,699,395,304
12839,13618,7080,6538
12841,87,26,61
12842,952,494,458
12843,729,400,329
12844,207,109,98
12845,4389,2114,2275
12846,3007,1635,1372
12847,667,330,337
12849,398,163,235
12850,2537,1386,1151
12851,304,162,142
12852,381,202,179
12853,1384,540,844
12854,98,13,85
12855,198,99,99
12856,300,94,206
12857,613,290,323
12858,167,83,84
12859,1629,818,811
12860,377,221,156
12861,516,273,243
12862,149,44,105
12863,870,463,407
12864,9,5,4
12865,3353,1680,1673
12866,39657,19164,20493
12870,1770,877,893
12871,3997,2186,1811
12872,0,0,0
12873,820,352,468
12874,154,70,84
12878,768,341,427
12883,4781,2558,2223
12884,567,280,287
12885,4531,2327,2204
12886,199,105,94
12887,4629,2168,2461
12901,32012,15554,16458
12903,1740,762,978
12910,1994,1263,731
12911,44,23,21
12912,1860,947,913
12913,1128,554,574
12914,892,474,418
12915,61,37,24
12916,2250,1191,1059
12917,1194,516,678
12918,2762,1446,1316
12919,2789,1333,1456
12920,2509,1276,1233
12921,2771,1440,1331
12922,33,18,15
12923,463,241,222
12924,230,80,150
12926,2493,1228,1265
12927,308,150,158
12928,1805,889,916
12929,2882,2438,444
12930,866,386,480
12932,1183,557,626
12933,7,3,4
12934,1147,608,539
12935,1159,562,597
12936,693,359,334
12937,1340,652,688
12939,162,105,57
12941,1477,888,589
12942,462,225,237
12943,293,102,191
12944,4043,1889,2154
12945,535,271,264
12946,4805,2348,2457
12950,701,318,383
12952,226,107,119
12953,12842,7427,5415
12955,494,246,248
12956,1538,694,844
12957,1721,912,809
12958,1650,814,836
12959,1790,928,862
12960,995,476,519
12961,92,14,78
12962,5131,2432,2699
12964,46,31,15
12965,281,169,112
12966,2962,1518,1444
12967,1363,729,634
12969,253,130,123
12970,1022,585,437
12972,7063,3587,3476
12973,136,81,55
12974,1545,720,825
12975,107,37,70
12976,196,86,110
12977,1186,1170,16
12978,243,111,132
12979,2542,1318,1224
12980,1064,566,498
12981,2233,1185,1048
12983,7410,3944,3466
12985,775,416,359
12986,5304,2629,2675
12987,188,84,104
12989,1012,530,482
12992,4129,2028,2101
12993,1730,1008,722
12996,1937,885,1052
12997,1280,636,644
12998,334,148,186
13020,117,51,66
13021,37479,18065,19414
13024,1209,1209,0
13026,1703,900,803
13027,35233,17247,17986
13028,913,507,406
13029,7594,3816,3778
13030,3611,1740,1871
13031,16076,8158,7918
13032,12964,6611,6353
13033,3660,1868,1792
13034,2088,1152,936
13035,8191,3732,4459
13036,9079,4578,4501
13037,9519,5059,4460
13039,17184,8348,8836
13040,2683,1355,1328
13041,12094,5913,6181
13042,1884,1032,852
13044,2884,1727,1157
13045,28388,13851,14537
13051,52,46,6
13052,1762,816,946
13053,4756,2222,2534
13054,1289,626,663
13057,14476,7214,7262
13060,2845,1334,1511
13061,641,314,327
13062,241,112,129
13063,1644,777,867
13065,131,51,80
13066,12680,5756,6924
13068,4464,2234,2230
13069,23176,11705,11471
13071,760,397,363
13072,811,417,394
13073,6246,3013,3233
13074,4471,2291,2180
13076,2521,1323,1198
13077,6567,3293,3274
13078,10564,5301,5263
13080,3282,1523,1759
13081,1094,548,546
13082,4177,2057,2120
13083,1861,929,932
13084,3764,1768,1996
13087,252,141,111
13088,21875,10634,11241
13090,29180,14256,14924
13092,2707,1475,1232
13101,2221,1249,972
13102,67,34,33
13103,239,151,88
13104,16504,7935,8569
13108,6144,3074,3070
13110,2374,1139,1235
13111,1660,864,796
13112,1827,808,1019
13113,41,17,24
13114,7313,3702,3611
13115,223,113,110
13116,3657,2091,1566
13117,211,81,130
13118,5514,2964,2550
13119,0,0,0
13120,1881,860,1021
13121,0,0,0
13122,1289,557,732
13123,35,0,35
13124,95,46,49
13126,36199,17742,18457
13131,2856,1305,1551
13132,3561,1870,1691
13134,129,109,20
13135,6229,2915,3314
13136,377,175,202
13138,209,162,47
13140,4192,2109,2083
13141,643,361,282
13142,6568,3227,3341
13143,2405,1189,1216
13144,1105,559,546
13145,1794,1010,784
13146,2050,1043,1007
13147,1043,539,504
13148,10798,5230,5568
13152,7548,3870,3678
13153,510,246,264
13154,38,13,25
13155,654,335,319
13156,2108,1128,980
13157,547,295,252
13158,1377,758,619
13159,5297,2650,2647
13160,2321,1138,1183
13162,150,38,112
13163,334,156,178
13164,2695,1339,1356
13165,9429,4620,4809
13166,5667,3191,2476
13167,2984,1517,1467
13202,6842,3692,3150
13203,17387,8574,8813
13204,19511,9114,10397
13205,18562,8492,10070
13206,16848,8604,8244
13207,12383,5896,6487
13208,22549,11088,11461
13209,12995,6021,6974
13210,19298,9173,10125
13211,6155,2783,3372
13212,20185,9803,10382
13214,8713,4012,4701
13215,14599,7355,7244
13219,15546,7397,8149
13224,8638,4212,4426
13244,8816,3786,5030
13290,0,0,0
13301,113,74,39
13302,1403,709,694
13303,1455,709,746
13304,1841,914,927
13305,421,253,168
13308,4239,1950,2289
13309,5828,2882,2946
13310,731,426,305
13312,288,153,135
13313,562,305,257
13314,145,60,85
13315,1239,600,639
13316,5924,2901,3023
13317,3970,1994,1976
13318,982,508,474
13319,434,259,175
13320,2027,1024,1003
13321,815,339,476
13322,1059,575,484
13323,11014,5343,5671
13324,1714,938,776
13325,882,488,394
13326,4536,2280,2256
13327,1956,1075,881
13328,1302,661,641
13329,3326,1702,1624
13331,175,88,87
13332,2695,1463,1232
13333,40,14,26
13334,887,502,385
13335,1388,743,645
13337,690,306,384
13338,1293,671,622
13339,6131,3238,2893
13340,7322,3712,3610
13342,263,149,114
13343,1543,854,689
13345,184,84,100
13346,6275,3104,3171
13348,1529,839,690
13350,9641,4616,5025
13352,21,20,1
13353,54,25,29
13354,3124,1557,1567
13355,883,471,412
13357,10073,4837,5236
13360,193,118,75
13361,666,335,331
13363,2290,1124,1166
13364,359,162,197
13365,8545,4456,4089
13367,8786,4253,4533
13368,1025,471,554
13402,1295,569,726
13403,7133,4548,2585
13404,162,81,81
13406,491,270,221
13407,5125,2634,2491
13408,3422,1678,1744
13409,2123,1088,1035
13410,575,233,342
13411,2920,1509,1411
13413,16940,7539,9401
13415,92,55,37
13416,2120,1036,1084
13417,3012,1470,1542
13418,186,123,63
13420,890,444,446
13421,12742,6036,6706
13424,2285,1259,1026
13425,1743,953,790
13428,1470,683,787
13431,1929,1036,893
13433,1708,877,831
13435,337,136,201
13436,107,47,60
13437,254,153,101
13438,3310,1587,1723
13439,3667,1800,1867
13440,41273,21498,19775
13441,145,53,92
13450,251,192,59
13452,4850,2482,2368
13454,754,333,421
13455,71,46,25
13456,4103,2041,2062
13457,38,23,15
13459,2034,980,1054
13460,4286,2224,2062
13461,3046,1431,1615
13464,1154,605,549
13468,305,151,154
13469,1107,458,649
13470,771,395,376
13471,2692,1263,1429
13472,277,118,159
13473,1060,594,466
13475,49,17,32
13476,2540,1318,1222
13477,1468,769,699
13478,3331,1816,1515
13480,3454,1675,1779
13482,73,26,47
13483,405,234,171
13484,103,26,77
13485,1715,840,875
13486,691,326,365
13488,130,52,78
13489,508,283,225
13490,1346,832,514
13491,3570,1678,1892
13492,11233,5299,5934
13493,2355,1272,1083
13494,312,175,137
13495,1889,1002,887
13501,40235,19480,20755
13502,33241,16730,16511
13601,37409,18988,18421
13602,2700,2423,277
13603,13973,7420,6553
13605,5106,2690,2416
13606,2397,1313,1084
13607,2061,1148,913
13608,1845,969,876
13611,265,115,150
13612,2940,1472,1468
13613,2733,1336,1397
13614,287,130,157
13615,538,244,294
13616,1560,664,896
13617,12294,6028,6266
13618,1696,844,852
13619,10774,5404,5370
13620,2150,970,1180
13621,683,335,348
13622,2100,974,1126
13623,76,39,37
13624,4438,2499,1939
13625,1689,843,846
13626,2322,1299,1023
13628,185,94,91
13630,1307,759,548
13632,128,56,72
13633,378,200,178
13634,3866,1952,1914
13635,1283,703,580
13636,184,83,101
13637,5280,3023,2257
13638,172,98,74
13639,23,19,4
13640,305,145,160
13641,69,29,40
13642,9018,4996,4022
13643,20,20,0
13645,0,0,0
13646,2373,1212,1161
13647,159,83,76
13648,2236,1093,1143
13649,58,28,30
13650,1268,652,616
13651,127,67,60
13652,1876,1026,850
13654,2370,1199,1171
13655,3705,1712,1993
13656,2945,1488,1457
13658,2028,1006,1022
13659,371,216,155
13660,1953,1002,951
13661,2043,964,1079
13662,15737,7761,7976
13664,401,204,197
13665,686,312,374
13666,236,111,125
13667,3460,1769,1691
13668,3313,1638,1675
13669,15615,8096,7519
13670,382,188,194
13672,408,188,220
13673,1983,1050,933
13674,154,93,61
13675,51,16,35
13676,13408,6548,6860
13678,19,0,19
13679,1169,649,520
13680,1417,694,723
13681,941,497,444
13682,795,410,385
13683,58,24,34
13684,1105,540,565
13685,2234,1103,1131
13687,421,252,169
13690,651,374,277
13691,3172,1818,1354
13692,216,111,105
13693,315,147,168
13694,1232,534,698
13695,169,103,66
13696,188,90,98
13697,1951,945,1006
13699,2123,1336,787
13730,2763,1291,1472
13731,1102,568,534
13732,7438,3791,3647
13733,5265,2900,2365
13734,2243,1249,994
13736,1887,946,941
13738,22,14,8
13739,792,410,382
13740,607,371,236
13743,2893,1444,1449
13744,1284,643,641
13746,2432,1263,1169
13747,0,0,0
13748,3722,2016,1706
13750,588,291,297
13751,334,124,210
13752,913,584,329
13753,5629,2862,2767
13754,2793,1397,1396
13755,737,338,399
13756,665,338,327
13757,1121,548,573
13760,42880,21070,21810
13774,230,114,116
13775,1839,1081,758
13776,395,204,191
13777,445,246,199
13778,5139,2533,2606
13780,842,341,501
13782,797,425,372
13783,2200,1156,1044
13784,383,214,169
13786,440,251,189
13787,3120,1771,1349
13788,950,500,450
13790,18560,8891,9669
13795,3180,1364,1816
13796,915,453,462
13797,2105,1031,1074
13801,1533,856,677
13802,1206,552,654
13803,3936,1875,2061
13804,266,145,121
13806,168,85,83
13807,1260,578,682
13808,1486,742,744
13809,1688,724,964
13810,1195,567,628
13811,4102,2062,2040
13812,2313,1147,1166
13813,1148,633,515
13814,28,19,9
13815,12855,6280,6575
13820,22954,10943,12011
13825,2785,1583,1202
13826,68,62,6
13827,11713,5652,6061
13830,4826,2389,2437
13832,513,238,275
13833,4176,2178,1998
13834,108,48,60
13835,1182,559,623
13838,4185,1942,2243
13839,1362,758,604
13841,394,174,220
13842,607,333,274
13843,2014,960,1054
13844,543,300,243
13846,259,108,151
13847,15,13,2
13849,4351,1876,2475
13850,23675,11713,11962
13856,5915,2940,2975
13859,119,49,70
13860,266,127,139
13861,450,296,154
13862,3667,1849,1818
13863,430,229,201
13864,1421,657,764
13865,5823,3167,2656
13901,19730,9219,10511
13902,6921,3417,3504
13903,17528,8346,9182
13904,9138,4423,4715
13905,28370,14622,13748
14001,9122,4185,4937
14004,11312,6013,5299
14005,1788,943,845
14006,9354,4386,4968
14008,1484,663,821
14009,5787,2771,3016
14011,7382,4811,2571
14012,2944,1501,1443
14013,1612,826,786
14020,22209,11343,10866
14024,1606,826,780
14025,3445,1713,1732
14026,561,265,296
14027,143,82,61
14028,1377,684,693
14029,31,14,17
14030,2051,1002,1049
14031,9741,4878,4863
14032,10359,5328,5031
14033,1412,701,711
14034,2175,1336,839
14035,69,41,28
14036,5745,2917,2828
14037,923,452,471
14039,101,46,55
14040,1635,874,761
14041,204,119,85
14042,4207,2089,2118
14043,24799,11924,12875
14047,6072,3217,2855
14048,14949,7811,7138
14051,20333,10235,10098
14052,17501,8654,8847
14054,1359,757,602
14055,1300,594,706
14056,205,48,157
14057,7632,3961,3671
14058,2649,1334,1315
14059,9413,4875,4538
14060,346,201,145
14061,101,62,39
14062,3220,1521,1699
14063,12722,6158,6564
14065,1769,834,935
14066,1004,489,515
14067,4063,1836,2227
14068,8504,4292,4212
14069,492,215,277
14070,5437,2695,2742
14072,21441,10687,10754
14075,44588,20682,23906
14080,4434,2331,2103
14081,2736,1419,1317
14082,566,326,240
14083,20,10,10
14085,8439,4120,4319
14086,35659,17408,18251
14091,1402,711,691
14092,10318,4832,5486
14094,50526,24448,26078
14098,2968,1524,1444
14101,1984,976,1008
14102,1894,1109,785
14103,10836,5560,5276
14105,5113,2554,2559
14108,5301,2793,2508
14109,1341,523,818
14111,3125,1639,1486
14112,38,26,12
14113,646,366,280
14120,44379,21914,22465
14125,3668,1834,1834
14126,301,204,97
14127,30783,15290,15493
14129,1228,616,612
14130,110,65,45
14131,5339,2578,2761
14132,6432,3246,3186
14134,57,24,33
14135,109,61,48
14136,5274,2539,2735
14138,2019,1079,940
14139,2093,1112,981
14141,7624,4101,3523
14143,1230,704,526
14145,1275,660,615
14150,41585,20251,21334
14166,182,106,76
14167,1931,1075,856
14168,90,36,54
14169,84,57,27
14170,2200,1065,1135
14171,1736,869,867
14172,3019,1525,1494
14173,183,70,113
14174,5768,2937,2831
14201,12545,6303,6242
14202,3764,2012,1752
14203,2526,1203,1323
14204,7748,3194,4554
14206,22427,11275,11152
14207,25731,12514,13217
14208,12731,5482,7249
14209,8373,4096,4277
14210,15454,7468,7986
14211,23951,10799,13152
14212,13603,6512,7091
14213,23072,11706,11366
14214,21162,11028,10134
14215,42813,19117,23696
14216,23221,10856,12365
14217,22566,10631,11935
14218,20661,9703,10958
14219,10894,5170,5724
14220,23786,11546,12240
14221,55153,26657,28496
14222,15440,7706,7734
14223,22363,10998,11365
14224,41101,19957,21144
14225,33801,16552,17249
14226,29482,14489,14993
14227,21669,10069,11600
14228,24345,12278,12067
14260,857,433,424
14261,4970,2599,2371
14301,11448,5857,5591
14302,209,20,189
14303,6210,2979,3231
14304,28965,14514,14451
14305,16433,8003,8430
14411,12479,6063,6416
14413,81,67,14
14414,6722,3292,3430
14415,132,58,74
14416,3908,1985,1923
14418,1147,634,513
14420,20097,9599,10498
14422,1693,800,893
14423,4829,2367,2462
14424,28851,14041,14810
14425,13582,6657,6925
14427,1875,994,881
14428,7986,4062,3924
14432,5583,2491,3092
14433,4319,2273,2046
14435,2398,1240,1158
14437,8970,4727,4243
14441,339,186,153
14445,7604,3966,3638
14450,43063,20846,22217
14453,0,0,0
14454,11044,4738,6306
14456,19864,10075,9789
14462,765,348,417
14463,258,68,190
14464,6725,3383,3342
14466,1656,882,774
14467,10468,4917,5551
14468,19119,9778,9341
14469,5789,2852,2937
14470,7765,3975,3790
14471,2792,1513,1279
14472,9156,4641,4515
14475,253,147,106
14476,2456,1303,1153
14477,1779,922,857
14478,1393,599,794
14479,61,17,44
14480,532,192,340
14481,1883,933,950
14482,8233,3927,4306
14485,4163,2125,2038
14486,374,107,267
14487,5632,2848,2784
14489,7016,3198,3818
14502,10515,5136,5379
14504,1655,798,857
14505,5165,2625,2540
14506,866,372,494
14507,1233,641,592
14510,4781,2450,2331
14511,529,308,221
14512,4908,2527,2381
14513,13501,6721,6780
14514,5979,2900,3079
14515,146,89,57
14516,2184,1179,1005
14517,2588,1377,1211
14519,12487,6214,6273
14521,3282,1957,1325
14522,9230,4616,4614
14525,2532,1304,1228
14526,19348,9071,10277
14527,12444,5860,6584
14529,76,40,36
14530,6396,3437,2959
14532,3933,1996,1937
14533,1754,933,821
14534,33361,15933,17428
14536,663,330,333
14537,217,132,85
14539,115,38,77
14541,3523,2241,1282
14542,33,0,33
14543,3301,1743,1558
14544,2274,1069,1205
14545,136,55,81
14546,4585,2275,2310
14548,3695,1883,1812
14549,404,108,296
14550,1273,574,699
14551,4969,2627,2342
14555,1206,670,536
14556,902,890,12
14557,139,55,84
14559,17646,8947,8699
14560,2392,1215,1177
14561,2198,1125,1073
14564,16257,7794,8463
14568,6023,2894,3129
14569,6372,3102,3270
14571,1001,515,486
14572,4745,2271,2474
14580,54466,25872,28594
14585,167,71,96
14586,13056,6064,6992
14588,0,0,0
14589,7904,4009,3895
14590,5264,2808,2456
14591,1453,767,686
14592,119,57,62
14604,2708,1357,1351
14605,11796,5351,6445
14606,27478,13682,13796
14607,17577,9243,8334
14608,12417,5839,6578
14609,40171,18307,21864
14610,14082,6693,7389
14611,17595,8470,9125
14612,35339,17561,17778
14613,14740,6487,8253
14614,1112,951,161
14615,18255,8724,9531
14616,26837,12941,13896
14617,21287,9984,11303
14618,24621,11880,12741
14619,14223,6641,7582
14620,22866,11408,11458
14621,33349,15612,17737
14622,12794,6372,6422
14623,25689,13999,11690
14624,38834,18978,19856
14625,10667,5354,5313
14626,29210,13837,15373
14627,3008,1591,1417
14642,0,0,0
14701,39207,18822,20385
14706,6118,3120,2998
14707,113,56,57
14708,139,75,64
14709,1190,627,563
14710,2951,1500,1451
14711,1861,882,979
14712,3079,1559,1520
14714,556,288,268
14715,2374,1199,1175
14716,2343,1337,1006
14717,612,358,254
14718,1961,1114,847
14719,3334,1775,1559
14720,853,428,425
14721,176,80,96
14722,292,204,88
14723,1060,575,485
14724,3099,1525,1574
14726,2681,1318,1363
14727,5039,2470,2569
14728,856,437,419
14729,768,421,347
14731,1198,634,564
14732,26,18,8
14733,3201,1553,1648
14735,2609,1276,1333
14736,210,86,124
14737,4071,1910,2161
14738,3550,1738,1812
14739,2494,1330,1164
14740,1283,605,678
14741,1957,995,962
14742,104,22,82
14743,2095,1103,992
14744,2186,1049,1137
14747,2035,1087,948
14748,481,254,227
14750,4411,2208,2203
14752,171,103,68
14753,929,421,508
14754,633,329,304
14755,2834,1489,1345
14756,0,0,0
14757,3112,1505,1607
14760,17272,8500,8772
14767,2156,1085,1071
14769,849,492,357
14770,2805,1450,1355
14772,4431,2229,2202
14774,322,133,189
14775,2272,1197,1075
14777,531,267,264
14778,1428,713,715
14779,6791,3296,3495
14781,1859,866,993
14782,2010,1017,993
14783,83,32,51
14784,950,481,469
14785,0,0,0
14787,4863,2391,2472
14788,95,79,16
14801,5415,2900,2515
14802,4627,2644,1983
14803,1491,598,893
14804,1501,657,844
14805,723,355,368
14806,2131,1084,1047
14807,2865,1418,1447
14808,470,252,218
14809,2921,1660,1261
14810,11412,5569,5843
14812,2961,1550,1411
14813,2465,1288,1177
14814,2047,1020,1027
14815,725,400,325
14816,502,233,269
14817,2811,1365,1446
14818,1819,899,920
14819,633,316,317
14820,556,264,292
14821,3015,1547,1468
14822,826,455,371
14823,3697,1943,1754
14824,778,440,338
14825,746,317,429
14826,2134,1023,1111
14827,0,0,0
14830,18752,9003,9749
14836,915,490,425
14837,5633,2921,2712
14838,2150,1141,1009
14839,553,276,277
14840,2514,1303,1211
14841,827,388,439
14842,930,482,448
14843,12452,6312,6140
14845,20552,10298,10254
14846,978,513,465
14847,2385,1167,1218
14850,66495,32983,33512
14853,2294,1100,1194
14854,99,48,51
14855,890,404,486
14856,0,0,0
14858,1405,708,697
14859,1100,555,545
14860,1079,584,495
14861,1356,686,670
14864,1144,664,480
14865,2578,1163,1415
14867,5188,2599,2589
14869,996,506,490
14870,10086,5002,5084
14871,4497,2013,2484
14872,596,345,251
14873,1937,952,985
14874,166,81,85
14877,680,406,274
14878,793,392,401
14879,2345,1220,1125
14880,1475,770,705
14881,159,107,52
14882,4193,1868,2325
14883,4525,2287,2238
14884,363,206,157
14885,659,355,304
14886,6654,3199,3455
14889,1341,618,723
14891,4527,2331,2196
14892,7531,3833,3698
14893,30,12,18
14894,1316,741,575
14895,9117,4607,4510
14897,770,389,381
14898,1501,762,739
14901,14430,7522,6908
14903,7140,3313,3827
14904,14276,7188,7088
14905,8976,4080,4896
